1506154480076
1689408243642
3424760524623
501962539752
2485549980583
1704727522061
3453646794552
70533903351
1297551466126
220269598168
936894626062
3245741165591
1993124626705
905757459600
1922306456615
4107536716571
959668898992
1806562421423
3586923412486
1685507229562
337901706725
1083245850282
34106331598
1545968375787
2297701049990
558275635886
4032187049480
4253065849294
2809810447471
511450443059
2396553329341
1656050439272
1468470987398
2321611929955
4274553021145
614862546666
3054248717314
3417463768649
4324571235812
2952714640977
2247475172628
1094159466196
2565585133317
2954411258636
717526178251
4139223777193
1786366295901
3691110779766
1825704878937
506211441863
2239263754411
1510173443367
1519954293151
937050594553
275052966978
3581315592197
732184236813
2392872417559
798248012881
3706345165111
3021072248783
2114044715803
1694059098488
1115778867674
4025133105227
4079812131585
2074269079473
1733918215567
221561475825
1316912486524
2215553893507
794456814802
1593258100828
96053970295
3114292156044
2919908633897
2068705810361
2376175206758
3341191871059
3816802139674
1143892478094
3728488742252
4140985382518
2788958693112
792883984833
1227839595083
2080220356375
2142899590268
860359024125
302657702184
4199697933482
43723746611
530248415069
2994749849627
3130312589577
3270360402611
414050263914
621019155605
2352041889241
1525428516778
1997823200875
3958010814864
3518527565121
2288350688952
3253889366276
1977011399825
1048439938805
4178985695766
395494783522
2043341933183
3690138922886
61715934228
2373834488380
4177906372159
3970748613643
3329318038115
3028943616225
1833018539818
2078792602905
3872476660527
2364724020374
3559209637713
738028973065
2155889425416
807485097218
912661497228
2852903725964
2736084291233
4117792240756
2395654696031
1023303500948
2338474108243
208998834088
2568943690412
2809638797194
2127835865727
2658471929836
1844213101109
584084355029
350315567798
1324555534989
2121568983790
2436180876720
372998149809
3736864029076
2531102641697
2179696079949
124465123614
2371163646935
2921891509087
473538696020
2486983621946
4087766157653
1903717049667
271042930335
2685667180092
4125809023205
2699936968967
587509378395
4300797062544
304342168118
321857330146
1971332660326
193692309213
1210998588702
1851476367932
3732429027849
4068043307749
4283708756531
2779841484723
4026930930431
2928742207023
1944516620225
1890765943532
3838957864140
1979305950077
1550015596038
3048441986356
1685391623520
1419041365020
930300187835
3835581202163
1054783478289
1882213975035
2955093125883
771047469553
1946293670625
3373559362452
3311747690605
60830565478
738567276819
926262568878
808017272258
3182822349533
1654990779922
1289943190238
666459750532
182299576807
3605742460584
2239425543655
4101425297976
449128078493
760996306566
3872845665767
4027049837255
1996085793267
2526584710422
2378316864328
2287357730623
3658098088921
184880625574
3654789909141
1093793493475
893429571888
3466210421725
732201112334
3876372851079
352861339019
1877272145537
1813211470869
2480911519041
2588119711682
2473278979726
1245561830760
2366323619172
261648820308
2316916781211
4395989025323
1107963449555
613353090968
21803772820
3147599228099
2739425058971
1788770729924
3542229101500
2028643364994
4119268227555
2254295857082
3326565744392
450197550621
607973770799
3657861114289
55678438083
1345750408188
3327707956710
2778687085471
1058488878467
3472454758225
4310214886968
3321012308355
862476794995
3594432886788
512151400265
1428782506356
3051144990183
3175887318635
3062060071854
4184724030854
3158393957445
1964023479769
2026183243329
4263107399031
760182546999
1476691625718
2209837384506
4104412922425
95278827830
4217333751270
1250157008544
2762947667005
3614467297888
1934812679242
2442584488710
434986788253
3941654773658
3571983322888
675880521117
852685351944
3924248520974
3825543305186
918273343374
3833502208905
1057917254634
1353281538022
4264200345515
3425797237270
2197533439355
508151315109
155652370030
2578642137845
370510178962
4315567979327
4303562436934
3746285314798
3950389543484
2076205992508
1503463990069
1690261398605
423631976902
2116508458552
2407603739074
3892894521780
2167089569302
4069673393756
1891861150771
1544667779519
469019153743
2090561169324
4054274018078
3262363473271
450600605129
3485349873949
518432642631
4011134082447
3813557349209
139313842817
2171313652944
2475980593792
3208397764067
2699209843011
7303728820
2034582941026
312216987719
1138332531952
298209051033
4031216037542
3621977607056
1287737621395
3183742386412
3400857478801
1609135766145
900102583005
566479405138
1891255342488
1310878983015
2149419756321
4338825628517
2716551081336
535551446084
1040671269408
1548464570048
817731916850
196835953472
3321963382688
3610318686819
4042902955719
843873488243
3032766971866
1640568370781
2672417944012
1964848615676
788088595634
3720237358030
621550762191
4118153848933
17293689027
2432193570608
480865563016
2869742468700
1209496868409
1284519795709
1874389141464
3206207278264
3807656696187
3272684260759
3180475963554
3667444507343
3850624971686
2247794501515
4348544628586
2105860924445
3733226438871
226262394395
2207391116229
3087768930877
79955136584
4372182227745
13792079777
3937291837228
1331673081910
3759908122171
1774235021395
3418376111073
3685251875232
600429893196
1077320209021
4397026322738
4389794678989
3610380640836
805365132477
3967786686734
3130412113323
3318561338184
1030274565938
641619406592
2262647248119
1845097004824
148701192909
25692707335
2823100544823
1540660908244
1633724068212
1241955491517
2752166969736
3023317172998
2096585579256
2739089724365
673106682930
2752313477632
1468048815823
968119264183
880994043163
4381536021137
1107501553327
2891552084204
1881206946808
3303420608253
922526858477
2841933982511
2590203843426
2510116762188
2016423042479
2847275998798
4198414978981
3873141770476
3936818259696
621536502827
1140850221685
3279520765853
3066633090128
3436319968012
1789276353891
1819914815409
4313927080634
4155883419976
1950010451495
3259466978968
923915984852
730559423546
1299115066556
3370465023680
2822890454337
969103890823
113694643277
2953500028102
1181179110584
389989250745
450080788458
1681637102576
149650732256
305783451424
3005111345432
3582371928062
2492880717320
139819781130
754266483750
1108186389320
2972517672100
3523274173005
1217884521309
2753504531244
493455281574
855822775833
455053062134
776175798991
1526659068571
852721775904
2172489543401
1128261721640
3806983535778
1122493300495
2829394866051
2333509992288
4294713541419
2259493617488
4323744339922
3572962374530
2779088033929
1681477825828
307452952546
1251272627574
120340266072
3425282323464
2205935104964
3854400688467
882231502767
36119077996
1496736478314
1168143411963
1765904794142
106400481721
235494356817
115726611725
3236788514183
3686563371688
4289635395070
756299176735
275962018490
2502142055401
1216666605893
1485985012558
4033718857965
539658068760
906107299172
3711980258591
1940082166267
2337377212164
3694431391216
2922710237355
2563012850809
4020483050823
3782051367310
3402046194972
1388948116374
1514972330539
2546316167292
635930206592
1612282412751
2603349157343
2207879260398
556551714790
2028244860785
92515854594
603424571193
2073209421000
1494330578157
1623938021238
3648922949064
1097948592591
3439191929335
4047401193863
1580021557230
675947810274
3967108627324
1392413560928
1344905750140
4156524931453
3110123392356
1162209272024
782659040811
163627045480
4064493582115
543104892798
3552927936473
4311716897458
2565420284442
1752814436619
2242016043156
299176642303
3884057939408
2691026161423
51941050225
1560452497702
1346912361453
1388655535100
1716829215288
3530833455138
35007496977
1127660064126
3454646403553
1403471013200
3170855147379
2923973816603
1614092736987
1918311364089
4046774639962
1969107126067
3643291775528
1690844801336
41865580888
1177325378109
616042189384
3532676605986
89504194911
3336308410981
3592867459571
1509923187784
3640642564263
3905237764717
3098401405859
3986253119877
1677271782237
2018065933031
2351128793583
148091439388
1982644770596
2178614537914
2139173079221
764985227813
3910627244396
3432440077818
3408654592023
1553778433615
1811720989841
117199008266
3256326499905
2099894964972
3889564030928
3021449414427
2077051390471
1214567876432
3918341510150
701030827496
1897690128974
1739658757503
1319618999111
588151058133
3728949808456
2726730064684
485735363902
311164998739
3880328714621
4346106073098
244099191134
1477378137746
1319404537509
1350305910118
2070185636582
4205432703631
2919076153685
3514996191510
4141953447607
3458299143526
3482920995446
2800404391100
851671134705
3504736638456
4313202075284
2778913236049
3381621254246
2280917831908
1077159751156
3500587483908
2023160911841
2723793019596
2500769752449
2468302186086
3319274761013
535007734764
4080408053125
1648743106799
2440961640735
3375037898496
343055973175
3063327258054
2903102932476
41561146491
3733093377809
1686681800675
2225046072390
4014989948686
4262697344764
2003180899709
3017013951469
2992744851325
634952296269
3385709492167
978164147572
1435123014086
677385027979
2506692782849
493201903846
1056807248536
3166394981390
806804347859
600976611482
1710859202587
3880270453606
469997293055
1917003123649
1818680443395
635890145432
3238964877662
3725167963341
479413365752
1696073572391
4326528233263
1166326772129
2452127798094
2353350849520
2334939975604
3332636460436
2796881475083
1166906885585
1029317234210
3110027265606
4094911783739
1981550215207
1812361172959
943371405372
1233132453528
1704933539866
92870682642
1154028441690
2034114559620
1246591079857
4343411331453
3976445303074
3407491133258
74884466115
1784248908209
4218885362628
1128323576502
1755738228654
2860087040394
3236777352967
3489872967934
4245913733347
2687660310269
7530419446
1628323498998
1207339723327
2564935486263
1051768290658
4237975815833
3194324631607
2362465711371
2871497972026
2512322598874
2826792064211
2346367894963
880952941226
596430439635
3819354382966
1229360552667
2787296208394
3759773360947
577053874811
319287600129
2447860570538
3932024840203
2975175287197
619869973028
1113218171225
945252006880
2875734364212
508978103746
130935300561
343070983957
1262836085822
668047106855
271151476452
3965541412254
204810980411
1908825261324
2317133878657
2390279694090
389605363670
2547094143361
4312961463173
4144666248663
4251010573150
763016052787
1194743176031
786491271960
1546605127446
877722550772
873583678593
682385412464
109823224393
512038212766
3087296010659
1871664022098
560581849401
1363551658046
261124052951
722248277406
810431690199
890867883925
2655375929962
145116534657
3893904106319
1071509560549
4196701159572
4039078279090
623734921826
1283017096209
3341284199425
3679265921523
2862857793681
1713383780873
943590823198
4192769977579
2095312039445
2979678832780
1460342721596
3369726424139
3961424580526
883960126772
3284178328198
698344507461
157048292664
1561325101779
2245496461247
1586362668370
3092709553180
2066708093990
4081854829785
3485918173513
1446485423492
2373732787665
1728854512212
2381931096517
1560414000491
2578834025389
4377475877233
2193058540508
4020592087921
773066616934
1710631608885
3815419354407
108835136910
1340479998060
1917492362559
319438507027
2390178559109
2009929440816
2638083370083
254275640976
1728993237811
58151088050
556715865635
2088796047871
3517551127718
1501366013280
3140626093552
37216803198
196878985996
3268471463237
3195250702392
431703928445
4350571811178
2491210275464
646217646672
2417956731811
3761700456998
3043019542583
3591481215266
2338270726408
3435229329253
1833855803754
4091479955630
2071598953144
3888947260722
1019137492145
2390952308065
1455250908810
1535143900539
4327265927629
459856854069
148140435785
82667817690
1893563741893
2201516583587
1217375867688
58878877232
822747206980
2686833824357
2120558956169
3774154740751
2482023932737
1681590060045
3936202824725
2753328465909
1276593306374
772930257248
1384157187872
2667133911639
1689481005434
500220739729
2078944989026
962708653948
710660837565
3115709639997
1309988018426
3156658161956
1682758853662
4379796038718
3618912172491
3905103737094
2395500769617
1927099120211
3219798611226
3427570179098
1352241312261
418885547405
3509189977740
820382866355
308921301693
3542635876241
938043897191
2901092561256
779772309250
1698083289008
257627956013
77377722834
2307543517661
3745200377797
2893526328446
1725946740243
1320282658989
614950154216
2583885496147
96471712050
2712441551934
492981051890
3554999701377
1416195602246
157988743739
1380380681167
900589847953
2055803463793
2136065076974
3313188776095
1116645237735
3251440128423
3574763299658
4159256221611
3677900030518
1734790488908
4297101753677
4259365276197
3060564626764
1239822123678
1729424883630
177131016636
114484479008
3307025598191
1767934510555
3791598808320
2034098764353
257977384366
614449839176
2046896985488
1990265739401
1284077430597
2426061268236
3709011162144
111662651423
260944427456
2338509018832
3667774040141
3059538463448
901288745802
2064385751057
1189500421434
64240145105
1223957359222
4077408717481
2870395850758
1106986215538
2277950731864
931139689649
368873374994
2119689787049
1607403881845
361118225837
934845452810
2411336924809
3198117973880
3786241551888
4192466672082
2957957141037
64648495038
2925187118338
3166381535793
4222452128493
3053532936370
218521537414
4032173418072
3456794686184
452676833015
2299730683620
1983034979633
336361769178
3451369736543
961475383403
3370210840964
1050497131070
1458286945980
1951566554747
1669987885544
3145144145866
3331041596790
3888137230824
3059076693896
4136162890035
513656962292
1886105006503
1439486851763
3023083131203
1796981535452
3986815731146
827042780477
1311558167363
1014886384921
1982826677458
434888165046
2478761690539
4217799554487
17606471499
2889906141291
1047759822128
4143028844175
987234753725
3848243185973
4144684433427
4172706771645
69963789801
1464211131679
4263441487055
1780524221936
3163352069974
1538376255962
2034814078729
533034270593
758362911795
4007931312635
3305875078620
239739790942
789843448194
1659961543184
1401734151786
312476905927
1568502532249
831752233089
3993656051144
1054743154387
3882000132079
1570158416456
1227152923183
1668153613521
3841173721147
3095129352553
3710603794824
3836551623277
716011567076
2755372868945
1979412640062
2227008903089
934633203644
554333812973
3543138149992
1371510228934
1850109164819
1544310737061
2375182880828
3007859930264
286612187920
1772666073370
2887377214168
30156456763
1719534581606
2928878240186
2772115686233
233801304870
1491837942092
1723542240033
3897763225662
610841467458
4005782610128
3578589418831
1908380080164
3539323744188
781597191797
2241808628133
552524687301
35507782072
4084864022559
1282996946879
290106891351
2532886836935
2053555152723
3801035657743
4013647026733
1893134331187
2324617771464
2127494258515
1353534905261
345715799319
2695135805503
3964211096023
4233723930779
1621520339789
1927344317114
3545526443915
1640372789931
20083327016
3502123259891
2400319399133
2985629089130
375161809402
1307550510894
1539484553077
4045114933108
1782996004470
4385955121497
2579961129392
748769609466
102730425300
774778789238
72066560505
2521843859353
2585698980303
1112469599069
2517807061989
76745846656
3069956470381
1483933903564
1801059306540
4126686850792
2216649982364
2987475956415
1985212276836
2352388007895
2612218402716
3305988592165
2105522251163
2668526213691
616291750200
1022423163868
921515056566
2384284113742
1323434834898
2714385519359
700762570915
836368797772
3994491803453
1005862183556
2250859231067
2761616619130
1765816834151
3821030844463
39001629367
3597385538687
3470969759956
2660942892490
2624856167442
693012456965
3819813659368
4186487541943
2650208915897
4022232320951
962435454980
836608803279
713650362161
3537266284672
4185743330924
3649531496335
2960862597701
2031105567781
2125591264517
4235907144599
1136370853615
1317516261933
2499869905375
1129318452090
3285852285186
3343599798550
1562465627278
345968703704
4071223453110
4206998829016
3056665436502
153365076179
3484794067955
1995581944515
4333446592804
3837052794312
2599951645558
3024854662816
30111281499
3474877066080
2653885083333
1257023009318
3505076435564
1689765572334
4193063931120
2254235351752
95272106050
3212928991774
844963587618
3827327637188
2741125137532
521484042740
3854407466247
2553102588555
4329745541749
2924518873366
1906385701117
2017378479229
430439328549
1393035709299
124019864340
1902836746984
3360620133573
57920154920
4179019012838
3076835262819
200782628428
2043520608710
2296996794931
2285884471154
2159637947578
1467494841566
3335197417816
2899633611137
2743205619762
272565549276
2452453704081
946251926820
1966290310885
2531200025147
2863934873866
3679609936562
3132023482057
621601477632
1374912914625
1468771007275
2010511853099
1554074172555
432370196283
774846691694
3540125259521
1213182565555
1463463681798
2822247296701
1244157029403
3114926811190
572264866057
1487649458840
1767021710874
2658258299765
2934155925930
580978037217
3336758803003
1650356437640
2113147415740
919873509970
1734003302643
1485139140503
1189695632711
130420625990
4096286074456
1312412010380
1001328804887
1851517237196
925708264539
2342298080525
569009658397
3585428119057
4213106534100
2848147797457
812131167911
2715597401618
4200967417182
441863317818
2931762080605
2121638011817
4347391651581
2567828588611
173719859222
4238523255774
2417095872923
335115500227
2735695416956
1375498046606
1371985113939
86215294454
3281664888442
1846579551333
530094253196
1702867018592
1968698567043
2796803573794
2173063293665
3940590441208
4017929653666
2205254659629
1742520122845
2687405638312
3068088246109
2620917170815
1184365283720
3015139279646
4181431956329
2404797910487
2588386226106
1090252059877
739467253289
4028116166977
1888731169615
734532505048
1990136710406
3217349183216
196575006491
3215748912864
3469859992458
726063376733
4252456341431
1925536230656
401261922139
384713550021
548656608282
3075391342005
55760411637
3414692179947
4245342068998
2975616360871
2246978272836
1155868146992
3760800559423
24454389154
2000754209538
260780779768
4339016789913
728943797993
4237428388074
185038132581
2463217622226
4338696076500
2375055171773
3140322951512
4252642438199
1320682043323
3085388145169
492024052682
2223644166441
2097112530746
592996124662
1549410740082
1542858575708
473948066747
2714189633384
2514764709054
182979268347
2528357155670
853104561551
1127602046740
2145052167307
49224054272
1697220302807
3108636059247
2154625482924
695572129033
651175122893
1765642899009
1193832143007
1536529260266
3758205936853
2186006857386
2351184671906
663607018086
196232645290
952231455232
2313125079067
3884361091060
4104771519922
593507362982
513884389009
3460802164354
1938167220769
446621025840
670199935608
2524969922176
1034869784554
1304584067802
301138736331
1655661535042
1277114711682
3048691290193
75729398390
377068507306
947179591284
1742600399303
3354199075731
3612636551981
3685575805632
3869061117532
401184523375
3565431106329
297257570322
491459600592
3261839587178
3889121018939
2238835135169
300867413134
407138007199
1685504146634
475753296290
3941326786305
2724669451873
3064337005221
3505337728428
3080057013817
2748738123904
1938437439205
4043501354604
4368170598884
952831501672
1236041914807
1793765666368
1167820098452
3609773505037
2830019571853
1058925821300
3097052283987
1974263017887
283947285916
3959133015068
280437907340
4314114929692
827631980203
473941603018
1774726325314
4274546812581
1735824032817
1418618124818
3228415373204
947015916202
335653246660
3282579121113
3524641271700
1425750711014
1339839499221
483412385657
2218701072497
2559389212969
3860974961603
2016014881973
4231511438057
1348993262064
117231447862
3155653336698
4251190933265
3205650743252
3276523066832
3362959215473
2517255059821
602289230528
3364132392231
3373475781986
3693460719958
2364461885438
4089895061018
1300119817320
881518612908
3656152121361
1988539335273
816936436464
4330453241061
3330451263583
2435956626857
810176191889
2499696707676
428520276397
1187315083903
2614408573096
768666659836
1762236132968
3806233181744
888632754896
2466988714803
3187083438527
1827184026494
4182487485729
3744878105660
2791806416529
1150771855321
667454832707
1088084084402
4301769575969
1605147282140
4133106843219
655753491835
2936770895272
218661786395
2245663399315
1738934872057
1022451385771
3901440130112
3798984255724
2898899810965
2820599437604
2059186485889
2487108771396
4308337859476
3834844226180
292152776275
1239199527068
830941417276
1196711829107
3066274213507
268698928646
4235582172749
4038021610611
264232776846
675544251238
1263562253254
2171278057800
2756588269137
357809954052
193352331004
3012659963440
1617475187723
4301326135025
12815016703
1505278384113
529577752230
867273172277
1924617365332
2892703888816
3726696264792
4093518802646
3970949839351
2654738314655
3446887285651
1554703197866
3869997623223
2822604161143
1013157924673
3357771604212
3680715871702
869711294911
3202277462868
3357068731103
1765324503556
645727787754
1696956342948
3006657177786
1998853399461
1420924010304
1481617334815
191124987917
3681509764710
2343007328667
3694708952131
17401032060
3166445604902
1521135293677
1227648577266
1584317146488
3727489224744
3943107826078
2365025954190
2325274334145
2984423754143
3054446437813
128152760933
3586784228796
776908205184
3143102617812
475168773495
3051430248083
963945790379
2164389652225
1660378951290
3707845285414
4069060546401
3226179109695
1684173024833
930604176847
3716688630794
1996114497790
4182338542697
1495725804792
3586068662349
2687913551694
4013631770963
2003163364471
3015035600755
2310426694898
3190846438263
3606531775684
877221831201
1327333480498
4301475748610
2670272944125
46553279327
3408618317963
2387189385153
2374439062709
373298227946
3119026170921
1582394763364
1279596367258
3307192402912
1239819452718
2746436107532
3968413196514
2822117928625
275528251601
3741887862564
3160044863895
65495987818
2316796433478
3697373731735
2592483565213
3194800618314
2499104018552
1215353389899
2548806719906
404306587816
2360862807957
971924413932
3104224381636
2803464920362
3486567615081
2209151732243
2987015944988
1030289923403
3382473277063
4300409684140
1848676248077
2812778455346
2454506994498
2020102883769
361583315561
710419066071
2230417194620
2255399797345
3747184001631
993632212606
2564421662525
3976955829580
4645612609
3654131943799
2200775429150
825887842129
951816886039
592604137274
2722648315268
3007489254009
4122609026814
881335132618
3746622856875
400120386632
940228390751
3794611011951
1520315164801
3312686593888
3622348897774
3290491691702
719779407693
2420711694190
1830754619262
4103154324177
2223309735213
3047467186020
709459981987
1035366102836
2953540623968
3952151297041
735665617700
705734723476
1332028047968
3157135114487
4032533845568
973036736037
3917198800843
2164032563581
2038147152061
4025606138935
2367677592608
1993422548845
1767030112973
3649106564380
22008866634
4280049656258
3727482539200
2824527384409
8192766198
4135011967434
4079434096518
2266119796531
1130884752578
163549225870
1323214830336
1639465401475
3774640163639
3988231205525
4101718626856
2540244263899
386505728399
4179458534644
605204106235
3264648331774
3501451385175
2344001651110
1688747638853
795222934695
1222539138514
3561810442051
3879218987050
1128861674398
4026444951611
3143805266422
3999043817105
498012358944
1502542181575
285279437778
1874348187728
3536392406677
3803949491334
359620462702
850133803316
1346984533654
2909097800717
3431624248787
1796551897038
2979529203780
4327706135533
1149435919291
3797383781658
2646844321774
1684283377918
2849870155807
1580384809710
2556180399367
3067689417343
1747397139992
609518594368
1157640481647
2447066474490
58332154634
1490858192694
1786827866888
664139023872
2889802911780
2016282060809
4381417455258
3384696948150
3866059831855
1458537262008
4348212274702
2647715758895
38694120621
1683716571530
2022148838898
226237929362
1885451492165
1688540818016
1660211444815
296988870428
3215579271556
4323988265177
149268307664
4398006194915
2355803351787
4383144718661
1543681233467
1993868781431
2968424340043
975953170788
1478390531123
787670461254
3457959797881
3349401634556
4096913192018
2003886503901
162209424453
3774435480120
2146320397710
49034205422
2158264141776
30397787617
1761004105968
1949037432365
3824378547749
3636545225048
539540479898
2916082159095
1977157455659
1928528424047
3599590740510
2643493961682
442084799457
583689617672
1824906603813
818177818547
2060198935022
109028165514
2347814086756
1433253814042
2390586323584
4379928164385
3653007462116
2926325326844
549971936119
2813884794067
894536744598
3771598767232
743335962345
3227698449503
1787625221438
2632080486275
1259026278892
920450623476
1342106624676
780588319741
3818895142326
1800351522993
2234979678497
191783310881
528816842764
2610020382197
2887282762094
3929284276572
3156242932737
2056396806792
415233892049
3341900762915
1600536935937
3209311220870
1883882293135
596518658695
4357811758901
3856576159530
1047543564726
418070187682
388557776685
1225647483222
2908369887792
852484238549
3013122135520
1186302514431
3904849962797
1661198404044
4246168346875
3327845210204
3428233395928
696799978589
2318794705279
2570664025829
1707698234715
2453951263540
135302162096
4099722217003
481559898425
1373809827656
2163117941074
3096917451385
2144728854774
1528453284649
1993531668282
940411418947
2832362336262
81461752090
3596222200361
3740876883310
3792688346396
2690265542141
1308584414976
182596334941
3547028578235
2706885455882
2309556531511
945198279898
3855055626528
3330904696412
3474289241267
126473224384
953407931253
237386690635
4072186209247
1614501821317
3737939714394
1657870459799
3672121756189
445959102090
929025682363
3473570220130
3943835020420
3843902740797
320845358071
609193777913
2333512656624
2799922942985
2653265650260
752970091377
2807374572125
4215577946655
3617603261130
1846530998033
1921765293721
3769422145539
4175954343187
377191485068
1942004398656
3874321798128
1670912449817
3119930509065
2565790453261
973123657482
2501111444135
1503977629699
4228250728821
3654192281700
3479615975539
4355779733487
1080860038043
1369923304908
3530985498223
2511066819767
3160250926215
295260995701
2801266718584
2788252341257
3087678720699
2083496953698
175846661446
1562399404137
2760899950350
272879357615
3512115487154
159778128933
3303956640222
4247903536032
954509796434
3868247115784
2223066050952
3913379662210
3161335798364
1168421317353
3230956602431
1487866132068
3743694965466
1386639985155
394143616290
2707245225105
2966934196024
3059063684384
3480933990833
3657949406186
3491207322129
935651412886
1339218160009
3026643834370
2346990595421
1758925648142
586740343922
62316450327
1992384997
1726082146336
1204612489917
1450694685391
139895677192
3493456575677
225744153335
4052387825101
204378648020
2574450613612
1500308870624
4078597475859
1216572840043
101273833809
1944587063488
1981079814967
3927698918329
2525631059975
354151341571
1861504978783
2293672476796
2657667180368
1376178738215
2196408897821
2860642256794
3659368130187
1384558386426
900214430471
778138633416
1379350934269
245934993964
3759243719473
3719703687037
2929760165106
2774051547689
3276756800879
340728746560
2572291663775
4213339023435
3683471568739
3030299037492
1556180160229
3931320526422
4364839854947
3292680132618
618413210837
4253590041161
4126064543787
377315112238
3468465754638
2275391974777
77759933023
1847486955859
1712293324005
2035216829699
4219227866846
3984350063944